Задание 6. Модульная арифметика

Построить таблицы Кэли для сложения и умножения, а также таблицы обратимости, в Zp, классифицировать Zp, вычислить содержимое мультиплиткативной группы Zp^{*}.


1) 1, 6, 11, 16, 21, 26, 31, 36,
2) 2, 7, 12, 17, 22, 27, 32, 37,
3) 3, 8, 13, 18, 23, 28, 33, 38,
4) 4, 9, 14, 19, 24, 29, 34, 39,
5) 5, 10, 15, 20, 25, 30, 35, 40,
6) 6, 11, 16, 21, 26, 31, 36,
7) 7, 12, 17, 22, 27, 32, 37,
8) 8, 13, 18, 23, 28, 33, 38,
9) 9, 14, 19, 24, 29, 34, 39,
10) 10, 15, 20, 25, 30, 35, 40,